#x/r		(Emax-e)/emax
0.999985334139704	1.09452736318408E-08
0.999984653764741	1.19402985074627E-08
0.999984048986997	1.29353233830846E-08
0.999983444209253	1.39303482587065E-08
0.999982915028727	1.49253731343284E-08
0.999982385848201	1.59203980099503E-08
0.999981856667674	1.69154228855721E-08
0.999981403084366	1.7910447761194E-08
0.999980420320532	1.99004975124378E-08
0.99997936195948	2.23880597014925E-08
0.999978379195646	2.48755223880597E-08
0.999977472029029	2.73630845771144E-08
0.999976640459631	2.98506467661692E-08
0.999975808890233	3.23382089552239E-08
0.999974977320835	3.48257711442786E-08
0.999974221348654	3.73133333333333E-08
0.999973540973692	3.98008955223881E-08
0.999972180223768	4.47760199004975E-08
0.999970970668279	4.9751144278607E-08
0.999969761112791	5.47262686567164E-08
0.999968702751739	5.97013930348259E-08
0.999967644390686	6.46765174129353E-08
0.999966661626852	6.96516417910448E-08
0.999964771696402	7.96018905472637E-08
0.999963108557605	8.95521393034826E-08
0.999961521016026	9.95023880597015E-08
0.999960009071666	1.09451741293532E-07
0.999958648321742	1.19401990049751E-07
0.999957287571817	1.2935223880597E-07
0.999956002419111	1.39302487562189E-07
0.999954792863623	1.49252736318408E-07
0.999953658905352	1.59202985074627E-07
0.999952524947082	1.69153233830846E-07
0.99995146658603	1.79103482587065E-07
0.999949349863925	1.99003980099503E-07
0.999947006350166	2.2387960199005E-07
0.999944738433626	2.48755223880597E-07
0.999942697308739	2.73630845771144E-07
0.999940656183852	2.98506467661692E-07
0.999938766253402	3.23382089552239E-07
0.999936951920169	3.48257711442786E-07
0.999935288781373	3.73133333333333E-07
0.999933625642576	3.98008955223881E-07
0.999930450559419	4.47760199004975E-07
0.999927502267916	4.9751144278607E-07
0.999924780768068	5.47262686567164E-07
0.999922134865437	5.97013930348259E-07
0.999919640157242	6.46765174129353E-07
0.999917221046265	6.96516417910448E-07
0.999912760810402	7.96018905472637E-07
0.999908527366193	8.95521393034826E-07
0.999904596310856	9.95023880597015E-07
0.999900892047173	1.09452736318408E-06
0.999897338977926	1.19402985074627E-06
0.999894012700333	1.29353233830846E-06
0.999890762019958	1.39302487562189E-06
0.999887662534019	1.49252736318408E-06
0.999884638645298	1.59202985074627E-06
0.999881765951013	1.69153233830846E-06
0.999878893256728	1.79103482587065E-06
0.999873525854249	1.99003980099502E-06
0.999867251285153	2.2387960199005E-06
0.999861279104929	2.48755223880597E-06
0.999855609313577	2.73630845771144E-06
0.999850166313879	2.98506467661692E-06
0.999845025703054	3.23382089552239E-06
0.999840036286665	3.48257711442786E-06
0.999835273661929	3.73133333333333E-06
0.999830586634412	3.98008955223881E-06
0.999821741759903	4.47760199004975E-06
0.999813350468703	4.9751144278607E-06
0.999805337163592	5.47262686567164E-06
0.999797626247354	5.97013930348259E-06
0.999790293317206	6.46765174129353E-06
0.999783187178712	6.96516417910448E-06
0.999769655276686	7.96018905472637E-06
0.99975687934684	8.95521393034826E-06
0.999744708194739	9.95023880597015E-06
0.999733066223163	1.09452736318408E-05
0.999721877834896	1.19402985074627E-05
0.999711067432718	1.29353233830846E-05
0.999700635016631	1.39303482587065E-05
0.999690504989416	1.49253731343284E-05
0.999680601753856	1.59203980099502E-05
0.999671000907167	1.69154228855721E-05
0.999661626852132	1.7910447761194E-05
0.999643407922588	1.99004975124378E-05
0.999621635923798	2.23880597014925E-05
0.999600846688842	2.48756218905473E-05
0.999580737828848	2.7363184079602E-05
0.999561309343816	2.98507462686567E-05
0.999542410039311	3.23383084577114E-05
0.999524115512549	3.48258706467662E-05
0.999506198971878	3.73134328358209E-05
0.999488660417297	3.98009950248756E-05
0.999454717266405	4.47761194029851E-05
0.999421983671001	4.97512437810945E-05
0.99939030843665	5.4726368159204E-05
0.999359464771696	5.97014925373134E-05
0.999329377078923	6.46766169154229E-05
0.999299969761113	6.96517412935323E-05
0.999242893861506	7.96019900497512E-05
0.999187707892349	8.95522388059701E-05
0.99913418506199	9.9502487562189E-05
0.999081947384336	0.000109452736318
0.999030843664953	0.000119402985075
0.998980722709404	0.000129353233831
0.998931508920472	0.000139303482587
0.998883051103719	0.000149253731343
0.998835273661929	0.0001592039801
0.998788100997883	0.000169154228856
0.998741533111581	0.000179104477612
0.998649758088902	0.000199004975124
0.998537345025703	0.000223880597015
0.998427048684608	0.000248756218905
0.998318566676746	0.000273631840796
0.998211445418809	0.000298507462687
0.998105533716359	0.000323383084577
0.99800075597218	0.000348258706468
0.997896809797399	0.000373134328358
0.997793619594799	0.000398009950249
0.997589204717266	0.00044776119403
0.997386830964621	0.000497512437811
0.997185969156335	0.000547263681592
0.996986316903538	0.000597014925373
0.996787496220139	0.000646766169154
0.996589355911702	0.000696517412935
0.996194284850317	0.000796019900498
0.995799969761113	0.00089552238806
0.995405654671908	0.000995024875622
0.995010810402177	0.001094527363184
0.994614907771394	0.001194029850746
0.994217795585123	0.001293532338308
0.993819247051708	0.001393034825871
0.993419035379498	0.001492537313433
0.993017084971273	0.001592039800995
0.992613244632598	0.001691542288557
0.992213486543695	0.001791044776119
0.991381917145449	0.001990049751244
0.990399153311158	0.002238805970149
0.989340792258845	0.002487562189055
0.988358028424554	0.00273631840796
0.987299667372241	0.002985074626866
0.986241306319928	0.003233830845771
0.985182945267614	0.003482587064677
0.984124584215301	0.003731343283582
0.983066223162988	0.003980099502488
0.980873903840339	0.004477611940299
0.978605987299667	0.004975124378109
0.976338070758996	0.00547263681592
0.974070154218325	0.005970149253731
0.971802237677653	0.006467661691542
0.96945872391896	0.006965174129353
0.964771696401572	0.007960199004975
0.960084668884185	0.008955223880597
0.955322044148775	0.009950248756219
0.950559419413366	0.010945273631841
0.945872391895978	0.011940298507463
0.941109767160568	0.012935323383085
0.936422739643181	0.013930348258707
0.931735712125794	0.014925373134328
0.927124281826429	0.01592039800995
0.922512851527064	0.016915422885572
0.917901421227699	0.017910447761194
0.908980949501058	0.019900497512438
0.897943755669791	0.022388059701493
0.887284547928636	0.024875621890547
0.876852131841548	0.027363184079602
0.866797701844572	0.029850746268657
0.857045660719685	0.032338308457712
0.847671605684911	0.034825870646766
0.838524342304203	0.037313432835821
0.82983066223163	0.039800995024876
0.813274871484729	0.044776119402985
0.798004233444209	0.049751243781095
0.783867553674025	0.054726368159204
0.770789234956154	0.059701492537314
0.758542485636529	0.064676616915423
0.747051708497127	0.069651741293532
0.726186876322951	0.079601990049751
0.707514363471424	0.08955223880597
0.69050498941639	0.099502487562189
0.674780768067735	0.109452736318408
0.660190504989416	0.119402985074627
0.646431811309344	0.129353233830846
0.633429089809495	0.139303482587065
0.621031146053825	0.149253731343284
0.609162382824312	0.159203980099502
0.597747202902933	0.169154228855721
0.586634411853644	0.17910447761194
0.565542788025401	0.199004975124378
0.540595706078016	0.223880597014925
0.516933776837012	0.248756218905473
0.494330208648322	0.27363184079602
0.472558209857877	0.298507462686567
0.451542183247657	0.323383084577114
0.431130934381615	0.348258706467662
0.411324463259752	0.373134328358209
0.391971575446023	0.398009950248756
0.354475355306925	0.447761194029851
0.318491079528273	0.497512437810945
0.28371635923798	0.54726368159204
0.25	0.597014925373134
0.217039612942244	0.646766169154229
0.184910795282734	0.696517412935323
0.12246749319625	0.796019900497512
0.061914121560327	0.895522388059701
0.00287269428485	0.99502487562189
0	1
