#x/r		(Emax-e)/emax
0.99997633192389	1.60583941605839E-08
0.999975306553911	1.75182481751825E-08
0.999974355179704	1.8978102189781E-08
0.999973477801268	2.04379562043796E-08
0.99997266384778	2.18978102189781E-08
0.99997189217759	2.33576642335766E-08
0.999971173361522	2.48175182481752E-08
0.999970486257928	2.62773722627737E-08
0.999969217758985	2.91970802919708E-08
0.99996778012685	3.28467153284672E-08
0.999966469344609	3.6496204379562E-08
0.999965274841438	4.01458394160584E-08
0.999964164904863	4.37954744525547E-08
0.999963128964059	4.74451094890511E-08
0.999962156448203	5.10947445255474E-08
0.999961247357294	5.47443795620438E-08
0.999960369978858	5.83940145985402E-08
0.999958752642706	6.56932846715329E-08
0.999957262156448	7.29925547445256E-08
0.999955877378436	8.02918248175183E-08
0.999954587737843	8.7591094890511E-08
0.999953372093023	9.48903649635037E-08
0.999952230443975	1.02189635036496E-07
0.999950095137421	1.16788175182482E-07
0.999948150105708	1.31386715328467E-07
0.999946342494714	1.45985255474453E-07
0.999944661733615	1.60582481751825E-07
0.999943076109937	1.7518102189781E-07
0.999941585623679	1.89779562043796E-07
0.999940158562368	2.04378102189781E-07
0.999938805496829	2.18976642335766E-07
0.999937505285412	2.33575182481752E-07
0.999936268498943	2.48173722627737E-07
0.999935073995772	2.62772262773723E-07
0.999932801268499	2.91969343065693E-07
0.999930158562368	3.28465693430657E-07
0.999927695560254	3.6496204379562E-07
0.999925380549683	4.01458394160584E-07
0.999923202959831	4.37954744525548E-07
0.999921131078224	4.74451094890511E-07
0.999919164904863	5.10947445255474E-07
0.999917272727273	5.47443795620438E-07
0.999915465116279	5.83940145985401E-07
0.999912029598309	6.56932846715328E-07
0.999908826638478	7.29925547445255E-07
0.999905813953488	8.02918248175183E-07
0.999902949260042	8.7591094890511E-07
0.99990023255814	9.48903649635036E-07
0.999897632135306	1.02189635036496E-06
0.999893234672305	1.16788175182482E-06
0.999887949260042	1.31386715328467E-06
0.999883720930233	1.45985255474453E-06
0.999879492600423	1.60583941605839E-06
0.999876321353066	1.75182481751825E-06
0.999872093023256	1.8978102189781E-06
0.999868921775899	2.04378102189781E-06
0.999865750528541	2.18976642335766E-06
0.999862579281184	2.33575182481752E-06
0.999859408033827	2.48173722627737E-06
0.999856236786469	2.62772262773723E-06
0.999850951374207	2.91969343065693E-06
0.99984355179704	3.28465693430657E-06
0.999837209302326	3.6496204379562E-06
0.999830866807611	4.01458394160584E-06
0.999825581395349	4.37954744525548E-06
0.999820295983087	4.74451094890511E-06
0.999815010570825	5.10947445255475E-06
0.999809725158562	5.47443795620438E-06
0.9998044397463	5.83940145985402E-06
0.999794926004228	6.56932846715329E-06
0.999786469344609	7.29925547445256E-06
0.99977801268499	8.02918248175183E-06
0.99976955602537	8.7591094890511E-06
0.999762156448203	9.48903649635037E-06
0.999754756871036	1.02189635036496E-05
0.999739957716702	1.16788175182482E-05
0.999727272727273	1.31386715328467E-05
0.999714587737844	1.45985255474453E-05
0.999701902748414	1.60583941605839E-05
0.999690274841438	1.75182481751825E-05
0.999679704016913	1.8978102189781E-05
0.999668076109936	2.04379562043796E-05
0.999658562367865	2.18978102189781E-05
0.99964799154334	2.33576642335766E-05
0.999638477801268	2.48175182481752E-05
0.999628964059197	2.62773722627737E-05
0.999609936575053	2.91970802919708E-05
0.999587737843552	3.28467153284671E-05
0.999566596194503	3.64963503649635E-05
0.999546511627907	4.01459854014599E-05
0.999527484143763	4.37956204379562E-05
0.999508456659619	4.74452554744526E-05
0.999489429175476	5.10948905109489E-05
0.999472515856237	5.47445255474453E-05
0.999454545454545	5.83941605839416E-05
0.99942177589852	6.56934306569343E-05
0.999389006342495	7.2992700729927E-05
0.999358350951374	8.02919708029197E-05
0.999328752642706	8.75912408759124E-05
0.999299154334038	9.48905109489051E-05
0.999271670190275	0.000102189781022
0.999216701902748	0.000116788321168
0.999164904862579	0.000131386861314
0.999114164904862	0.00014598540146
0.999065539112051	0.000160583941606
0.999017970401691	0.000175182481752
0.998971458773784	0.000189781021898
0.99892600422833	0.000204379562044
0.99888266384778	0.00021897810219
0.99883932346723	0.000233576642336
0.998795983086681	0.000248175182482
0.998753699788584	0.000262773722628
0.998672304439746	0.00029197080292
0.998571881606765	0.000328467153285
0.998475687103594	0.00036496350365
0.998380549682875	0.000401459854015
0.998287526427061	0.00043795620438
0.998196617336152	0.000474452554745
0.998107822410148	0.000510948905109
0.998019027484144	0.000547445255474
0.997932346723044	0.000583941605839
0.997762156448203	0.000656934306569
0.997595137420719	0.000729927007299
0.997431289640592	0.000802919708029
0.99726955602537	0.000875912408759
0.997109936575053	0.000948905109489
0.99695243128964	0.001021897810219
0.996641649048626	0.001167883211679
0.996335095137421	0.001313868613139
0.996033826638478	0.001459854014599
0.99573467230444	0.001605839416058
0.995438689217759	0.001751824817518
0.995144820295983	0.001897810218978
0.99485200845666	0.002043795620438
0.994561310782241	0.002189781021898
0.994271670190275	0.002335766423358
0.993982029598309	0.002481751824818
0.993693446088795	0.002627737226277
0.99311733615222	0.002919708029197
0.992399577167019	0.003284671532847
0.991680761099366	0.003649635036496
0.99096088794926	0.004014598540146
0.990239957716702	0.004379562043796
0.989519027484144	0.004744525547445
0.988794926004228	0.005109489051095
0.988068710359408	0.005474452554745
0.987340380549683	0.005839416058394
0.985871035940803	0.006569343065693
0.98438689217759	0.007299270072993
0.98288689217759	0.008029197080292
0.981373150105708	0.008759124087591
0.97984355179704	0.009489051094891
0.978299154334038	0.01021897810219
0.975167019027484	0.011678832116788
0.971983086680761	0.013138686131387
0.968753699788583	0.014598540145985
0.965480972515856	0.016058394160584
0.962172304439746	0.017518248175183
0.958829809725159	0.018978102189781
0.95546088794926	0.02043795620438
0.952067653276956	0.021897810218978
0.948653276955602	0.023357664233577
0.945223044397463	0.024817518248175
0.941779069767442	0.026277372262774
0.934857293868922	0.029197080291971
0.926174418604651	0.032846715328467
0.917486257928118	0.036496350364964
0.908818181818182	0.04014598540146
0.900188160676533	0.043795620437956
0.891120507399577	0.047445255474453
0.882663847780127	0.051094890510949
0.874207188160677	0.054744525547445
0.866807610993657	0.058394160583942
0.849894291754757	0.065693430656934
0.834038054968288	0.072992700729927
0.818181818181818	0.08029197080292
0.802325581395349	0.087591240875912
0.787526427061311	0.094890510948905
0.772727272727273	0.102189781021898
0.745243128964059	0.116788321167883
0.718816067653277	0.131386861313869
0.693446088794926	0.145985401459854
0.669133192389006	0.160583941605839
0.646934460887949	0.175182481751825
0.624735729386892	0.18978102189781
0.604651162790698	0.204379562043796
0.584566596194503	0.218978102189781
0.56553911205074	0.233576642335766
0.547568710359408	0.248175182481752
0.530655391120507	0.262773722627737
0.497885835095137	0.291970802919708
0.45877378435518	0.328467153284671
0.423890063424947	0.364963503649635
0.390063424947146	0.401459854014599
0.359408033826639	0.437956204379562
0.328752642706131	0.474452554744526
0.300211416490486	0.510948905109489
0.273784355179704	0.547445255474453
0.247357293868922	0.583941605839416
0.197674418604651	0.656934306569343
0.152219873150106	0.72992700729927
0.107822410147992	0.802919708029197
0.066596194503171	0.875912408759124
0.027484143763214	0.948905109489051
0	1
