0.99999740447212	1.1E-07
0.999997227096896	1.2E-07
0.999997096895934	1.3E-07
0.999996987451647	1.4E-07
0.999996890272667	1.5E-07
0.999996798754599	1.6E-07
0.999996712897443	1.7E-07
0.999996628927257	1.8E-07
0.999996469478253	2E-07
0.999996281724691	2.25E-07
0.999996103405982	2.49999E-07
0.999995934522125	2.74999E-07
0.999995772242664	2.99999E-07
0.999995615624115	3.24999E-07
0.999995463722993	3.49999E-07
0.999995317482781	3.74999E-07
0.999995175016511	3.99999E-07
0.999994899518823	4.49999E-07
0.999994638173413	4.99999E-07
0.999994388149825	5.49999E-07
0.999994146617605	5.99999E-07
0.999993913576753	6.49999E-07
0.999993688083782	6.99999E-07
0.999993252193603	7.99999E-07
0.99999283894707	8.99999E-07
0.999992444570242	9.99999E-07
0.999992063402208	1.09999E-06
0.999991696386452	1.19999E-06
0.999991339749033	1.29999E-06
0.999990992546467	1.39999E-06
0.999990654778753	1.49999E-06
0.999990282102085	1.59999E-06
0.999989999056515	1.69999E-06
0.999989716010944	1.79999E-06
0.99998905557128	1.99999E-06
0.999988300783093	2.24999E-06
0.999987640343429	2.49999E-06
0.999986885555241	2.74999E-06
0.999986225115577	2.99999E-06
0.999985564675913	3.24999E-06
0.999984904236249	3.49999E-06
0.999984338145108	3.74999E-06
0.999983677705444	3.99999E-06
0.999982451174639	4.49999E-06
0.999981318992358	4.99999E-06
0.999980186810076	5.49999E-06
0.999979054627795	5.99999E-06
0.999977922445514	6.49999E-06
0.999976884611756	6.99999E-06
0.99997480894424	7.99999E-06
0.999972733276724	8.99999E-06
0.999970751957732	9.99999E-06
0.999968770638739	1.1E-05
0.999966883668271	1.2E-05
0.999964996697802	1.3E-05
0.999963204075856	1.39999E-05
0.999961317105387	1.49999E-05
0.999959524483442	1.59999E-05
0.999957731861496	1.69999E-05
0.999955939239551	1.79999E-05
0.999952448344183	1.99999E-05
0.999948202660628	2.24999E-05
0.999943956977073	2.49999E-05
0.999939805642042	2.74999E-05
0.99993565430701	2.99999E-05
0.999931597320502	3.24999E-05
0.999927540333994	3.49999E-05
0.999923483347486	3.74999E-05
0.999919520709501	3.99999E-05
0.999911595433531	4.49999E-05
0.999903670157562	4.99999E-05
0.999895933578639	5.49999E-05
0.999888102651193	5.99999E-05
0.999880460420794	6.49999E-05
0.999872723841872	6.99999E-05
0.99985734503255	7.99999E-05
0.999842154920275	8.99999E-05
0.999826870459477	9.99999E-05
0.999811680347202	0.00011
0.999796490234928	0.00012
0.999781300122653	0.00013
0.999766110010378	0.00014
0.999750919898104	0.00015
0.999735635437305	0.00016
0.999720445325031	0.00017
0.999705160864233	0.00018
0.999674403245589	0.0002
0.999635909048023	0.000225
0.999597320501934	0.00025
0.999558543258798	0.000275
0.999519577318615	0.0003
0.999480611378432	0.000325
0.999441456741202	0.00035
0.999402207755449	0.000375
0.999362864421172	0.0004
0.999283800358524	0.00045
0.999204453250307	0.0005
0.999125011793566	0.00055
0.999045381639777	0.0006
0.998965751485989	0.00065
0.998886121332201	0.0007
0.998726672327578	0.0008
0.998567600717049	0.0009
0.998409189546184	0.001
0.998251627512029	0.0011
0.99809500896311	0.0012
0.997939522596471	0.0013
0.997785357109161	0.0014
0.997632418152656	0.0015
0.997480800075479	0.0016
0.997330691574677	0.0017
0.997181903953203	0.0018
0.996888763090858	0.002
0.996530710444381	0.00225
0.996182186998773	0.0025
0.995843004056987	0.00275
0.995512972921974	0.003
0.995191999245212	0.00325
0.994879611284083	0.0035
0.994575714690065	0.00375
0.994279932069063	0.004
0.99371138786678	0.0045
0.993171619964148	0.005
0.992658080951033	0.0055
0.99216841211435	0.006
0.991700349089537	0.0065
0.991251627512029	0.007
0.990376450608548	0.008
0.989621662420983	0.009
0.988866874233418	0.01
0.988112086045853	0.011
0.987451646381734	0.012
0.986791206717615	0.013
0.986130767053496	0.014
0.985470327389376	0.015
0.984809887725257	0.016
0.984243796584583	0.017
0.98367770544391	0.018
0.982451174639117	0.02
0.981130295310878	0.0225
0.97980941598264	0.025
0.978582885177847	0.0275
0.977356354373054	0.03
0.976224172091707	0.0325
0.975091989810359	0.035
0.973959807529012	0.0375
0.972921973771111	0.04
0.970846306255307	0.045
0.968770638739504	0.05
0.966789319747146	0.055
0.964808000754788	0.06
0.962732333238985	0.065
0.960751014246627	0.07
0.95659967921502	0.08
0.952353995659968	0.09
0.948108312104915	0.1
0.943579582979526	0.11
0.938956505330692	0.12
0.934239079158411	0.13
0.92933295593924	0.14
0.924238135673177	0.15
0.919048966883668	0.16
0.913671101047269	0.17
0.908198886687423	0.18
0.896688366827059	0.2
0.881403906028871	0.225
0.865270308519672	0.25
0.848193225776017	0.275
0.830172657797905	0.3
0.811302953108784	0.325
0.791489763185206	0.35
0.770921785074064	0.375
0.749410321728465	0.4
0.703934333427682	0.45
0.655061798282857	0.5
0.603075761864327	0.55
0.547881875648646	0.6
0.489480139635815	0.65
0.428153599396169	0.7
0.296443060666101	0.8
0.153693744692896	0.9
0	1
