0.99999595354459	9.99999E-07
0.999995725821991	1.09999E-06
0.999995498099392	1.19999E-06
0.999995270376793	1.29999E-06
0.999995042654195	1.39999E-06
0.999994832448719	1.49999E-06
0.99999460472612	1.59999E-06
0.999994394520644	1.69999E-06
0.999994184315168	1.79999E-06
0.999993781421339	1.99999E-06
0.999993290941896	2.24999E-06
0.999992800462452	2.49999E-06
0.999992327500131	2.74999E-06
0.99999185453781	2.99999E-06
0.999991399092613	3.24999E-06
0.999990943647415	3.49999E-06
0.999990505719341	3.74999E-06
0.999990067791266	3.99999E-06
0.999989191935116	4.49999E-06
0.99998833359609	4.99999E-06
0.999987492774187	5.49999E-06
0.999986651952283	5.99999E-06
0.999985828647503	6.49999E-06
0.999985005342722	6.99999E-06
0.999983376250285	7.99999E-06
0.99998176467497	8.99999E-06
0.999980170616778	9.99999E-06
0.999978594075709	1.1E-05
0.99997701753464	1.2E-05
0.999975440993571	1.3E-05
0.999973881969625	1.39999E-05
0.999972322945679	1.49999E-05
0.999970763921733	1.59999E-05
0.999969187380665	1.69999E-05
0.999967628356719	1.79999E-05
0.999964510308827	1.99999E-05
0.999960586473278	2.24999E-05
0.999956645120605	2.49999E-05
0.99995268625081	2.74999E-05
0.999948709863892	2.99999E-05
0.999944698442728	3.24999E-05
0.999940669504441	3.49999E-05
0.999936605531907	3.74999E-05
0.999932524042251	3.99999E-05
0.999924273477324	4.49999E-05
0.999915900292536	4.99999E-05
0.99990742200501	5.49999E-05
0.999898838614746	5.99999E-05
0.999890150121744	6.49999E-05
0.999881374043127	6.99999E-05
0.999863489060557	7.99999E-05
0.999845253735526	8.99999E-05
0.999826668068036	9.99999E-05
0.999807784609456	0.00011
0.999788603359784	0.00012
0.999769176870391	0.00013
0.999749487624153	0.00014
0.999729570655316	0.00015
0.999709460998126	0.00016
0.999689158652583	0.00017
0.999668663618687	0.00018
0.999627218105698	0.0002
0.999574631702489	0.000225
0.999521362131484	0.00025
0.999467567046788	0.000275
0.999413351551141	0.0003
0.99935882074728	0.000325
0.999304044703698	0.00035
0.999249111006008	0.000375
0.999194089722704	0.0004
0.999083871984865	0.00045
0.998973811901133	0.0005
0.99886415471123	0.00055
0.99875504055214	0.0006
0.998646662112215	0.00065
0.998539054425701	0.0007
0.998326466621122	0.0008
0.998125667840314	0.0009
0.997915462364461	0.001
0.997722774011596	0.0011
0.997512568535744	0.0012
0.997319880182879	0.0013
0.997144708953002	0.0014
0.996952020600137	0.0015
0.99677684937026	0.0016
0.996601678140382	0.0017
0.996426506910505	0.0018
0.996093681573738	0.002
0.995708304868009	0.00225
0.995322928162279	0.0025
0.994955068579536	0.00275
0.994604726119782	0.003
0.994271900783015	0.00325
0.993956592569237	0.0035
0.993641284355457	0.00375
0.993343493264666	0.004
0.992765428206072	0.0045
0.992222397393452	0.005
0.991714400826808	0.0055
0.991223921383152	0.006
0.990750959062484	0.0065
0.990295513864803	0.007
0.989454691961392	0.008
0.988648904303957	0.009
0.987878150892497	0.01
0.987159948850001	0.011
0.986459263930492	0.012
0.985776096133971	0.013
0.985127962583425	0.014
0.984497346155867	0.015
0.983884246851297	0.016
0.983288664669715	0.017
0.98271059961112	0.018
0.981589503739906	0.02
0.980275719515827	0.0225
0.979049520906686	0.025
0.977875873666509	0.0275
0.976737260672307	0.03
0.975668716170056	0.0325
0.974617688790793	0.035
0.973601695657505	0.0375
0.972603219647205	0.04
0.970676336118556	0.045
0.96880200395887	0.05
0.966962706045159	0.055
0.965140925254436	0.06
0.963336661586701	0.065
0.961532397918966	0.07
0.95788883633752	0.08
0.954175206264123	0.09
0.950373990575788	0.1
0.946450155026538	0.11
0.942421216739363	0.12
0.938252141468285	0.13
0.933942929213306	0.14
0.929493579974425	0.15
0.924886576628654	0.16
0.920139436298982	0.17
0.91523464186242	0.18
0.904969607791616	0.2
0.891253700492231	0.225
0.876556834305534	0.25
0.860879009231524	0.275
0.844220225270202	0.3
0.826580482421567	0.325
0.80795978068562	0.35
0.788375637185349	0.375
0.767828051920753	0.4
0.723877590344562	0.45
0.676143430203023	0.5
0.624643088619125	0.55
0.56942911696183	0.6
0.510536549477114	0.65
0.448000420410952	0.7
0.312242717256118	0.8
0.162856692416837	0.9
0	1
