0.999988491118485	9.99999E-07
0.999987983603358	1.09999E-06
0.999987495608042	1.19999E-06
0.999987027132539	1.29999E-06
0.999986572320906	1.39999E-06
0.999986131173141	1.49999E-06
0.999985703689245	1.59999E-06
0.999985285965255	1.69999E-06
0.999984878001171	1.79999E-06
0.999984085496779	1.99999E-06
0.99998314268983	2.24999E-06
0.999982242826469	2.49999E-06
0.999981380050751	2.74999E-06
0.999980546554753	2.99999E-06
0.999979699394886	3.24999E-06
0.999978918602381	3.49999E-06
0.999978137809877	3.74999E-06
0.999977357017373	3.99999E-06
0.99997599063049	4.49999E-06
0.999974624243607	4.99999E-06
0.999973257856725	5.49999E-06
0.999971891469842	5.99999E-06
0.999970720281085	6.49999E-06
0.999969549092329	6.99999E-06
0.999967011516689	7.99999E-06
0.999964864337302	8.99999E-06
0.999962521959789	9.99999E-06
0.999960374780402	1.1E-05
0.999958422799141	1.2E-05
0.999956275619754	1.3E-05
0.999954323638493	1.39999E-05
0.999952371657232	1.49999E-05
0.999950419675971	1.59999E-05
0.99994846769471	1.69999E-05
0.999946710911575	1.79999E-05
0.999943002147179	1.99999E-05
0.999938512590279	2.24999E-05
0.999934218231505	2.49999E-05
0.999929923872731	2.74999E-05
0.999925824712083	2.99999E-05
0.999921725551435	3.24999E-05
0.999917626390787	3.49999E-05
0.999913722428265	3.74999E-05
0.999909818465743	3.99999E-05
0.999902010540699	4.49999E-05
0.999894593011907	4.99999E-05
0.999887175483115	5.49999E-05
0.999879757954324	5.99999E-05
0.999872535623658	6.49999E-05
0.999865508491118	6.99999E-05
0.999851259027913	7.99999E-05
0.99983739996096	8.99999E-05
0.999823736092134	9.99999E-05
0.999810267421433	0.00011
0.999796798750732	0.00012
0.999783525278157	0.00013
0.999770447003709	0.00014
0.999757173531134	0.00015
0.999744095256686	0.00016
0.999731212180363	0.00017
0.999718133905914	0.00018
0.999692172555143	0.0002
0.999659964864337	0.000225
0.999627757173531	0.00025
0.999595744680851	0.000275
0.999563927386297	0.0003
0.999531914893617	0.000325
0.999500097599063	0.00035
0.999468085106383	0.000375
0.999436072613703	0.0004
0.99937165723209	0.00045
0.999307241850478	0.0005
0.99924263127074	0.00055
0.999177825492875	0.0006
0.999112629318759	0.00065
0.999047433144642	0.0007
0.998915284013274	0.0008
0.998783330080031	0.0009
0.998651571344915	0.001
0.998520203006051	0.0011
0.998388834667187	0.0012
0.998257661526449	0.0013
0.998126683583838	0.0014
0.997996096037478	0.0015
0.997865508491118	0.0016
0.997735311341011	0.0017
0.997605699785282	0.0018
0.997346867070076	0.002
0.997025961350771	0.00225
0.996708569197736	0.0025
0.996394885809096	0.00275
0.996084911184853	0.003
0.995779035721257	0.00325
0.99547725941831	0.0035
0.995179387077884	0.00375
0.994885613898107	0.004
0.994309584227991	0.0045
0.993749170407964	0.005
0.993203982041772	0.0055
0.992673433535038	0.006
0.992156744095257	0.0065
0.991653132929924	0.007
0.990682607846965	0.008
0.989757563927386	0.009
0.988873121218036	0.01
0.988025570954519	0.011
0.987211204372438	0.012
0.986426898301776	0.013
0.985670115166894	0.014
0.984937926995901	0.015
0.984228577005661	0.016
0.983539918016787	0.017
0.982870388444271	0.018
0.981581885613898	0.02
0.980089791138005	0.0225
0.978528206129221	0.025
0.977161819246535	0.0275
0.975795432363849	0.03
0.974624243607261	0.0325
0.973257856724575	0.035
0.972086667967987	0.0375
0.9709154792114	0.04
0.968377903572126	0.045
0.96603552605895	0.05
0.963888346671872	0.055
0.961545969158696	0.06
0.95920359164552	0.065
0.956861214132344	0.07
0.951981260979895	0.08
0.947101307827445	0.09
0.942026156548897	0.1
0.93695100527035	0.11
0.931680655865704	0.12
0.926019910208862	0.13
0.920554362678118	0.14
0.914698418895179	0.15
0.908842475112239	0.16
0.902791333203201	0.17
0.896544993168066	0.18
0.883857114971696	0.2
0.867070076127269	0.225
0.849697442904548	0.25
0.831544017177435	0.275
0.812414600819832	0.3
0.792699590083935	0.325
0.772203786843646	0.35
0.751122389225063	0.375
0.729065000975991	0.4
0.683193441342963	0.45
0.634198711692368	0.5
0.582666406402499	0.55
0.528206129221159	0.6
0.471208276400547	0.65
0.411477649814562	0.7
0.284013273472575	0.8
0.146788990825688	0.9
0	1
