0.999990622763064	9.99999E-07
0.999990190408017	1.09999E-06
0.999989773801002	1.19999E-06
0.99998937007874	1.29999E-06
0.999988979241231	1.39999E-06
0.999988599856836	1.49999E-06
0.999988230493915	1.59999E-06
0.99998787115247	1.69999E-06
0.99998751896922	1.79999E-06
0.999986830350752	1.99999E-06
0.999986008589835	2.24999E-06
0.999985254115963	2.49999E-06
0.999984538296349	2.74999E-06
0.999983679312813	2.99999E-06
0.9999829634932	3.24999E-06
0.999982390837509	3.49999E-06
0.999981675017895	3.74999E-06
0.999980959198282	3.99999E-06
0.999979670722978	4.49999E-06
0.999978525411596	4.99999E-06
0.999977236936292	5.49999E-06
0.999976091624911	5.99999E-06
0.999974946313529	6.49999E-06
0.999973801002147	6.99999E-06
0.999971653543307	7.99999E-06
0.999969649248389	8.99999E-06
0.999967644953472	9.99999E-06
0.999965640658554	1.1E-05
0.999963779527559	1.2E-05
0.999961775232641	1.3E-05
0.999960057265569	1.39999E-05
0.999958196134574	1.49999E-05
0.999956335003579	1.59999E-05
0.999954617036507	1.69999E-05
0.999952899069434	1.79999E-05
0.99994946313529	1.99999E-05
0.999945311381532	2.24999E-05
0.999941159627774	2.49999E-05
0.999937151037938	2.74999E-05
0.999933285612026	2.99999E-05
0.999929420186113	3.24999E-05
0.9999255547602	3.49999E-05
0.99992183249821	3.74999E-05
0.999917967072298	3.99999E-05
0.999910522548318	4.49999E-05
0.999903364352183	4.99999E-05
0.999896062992126	5.49999E-05
0.999889047959914	5.99999E-05
0.999882032927702	6.49999E-05
0.99987501789549	6.99999E-05
0.999861130994989	7.99999E-05
0.999847387258411	8.99999E-05
0.999833929849678	9.99999E-05
0.999820472440945	0.00011
0.999807015032212	0.00012
0.999793700787401	0.00013
0.999780529706514	0.00014
0.999767215461704	0.00015
0.999754044380816	0.00016
0.999740730136006	0.00017
0.999727559055118	0.00018
0.99970107372942	0.0002
0.999668146027201	0.000225
0.999635075161059	0.00025
0.999602004294918	0.000275
0.999568790264853	0.0003
0.999535576234789	0.000325
0.999502362204724	0.00035
0.999469005010737	0.000375
0.999435361488905	0.0004
0.999367788117394	0.00045
0.999299928418039	0.0005
0.999231639226915	0.00055
0.999163063707946	0.0006
0.999094058697208	0.00065
0.999024624194703	0.0007
0.998884466714388	0.0008
0.998743307086614	0.0009
0.998601002147459	0.001
0.99845798138869	0.0011
0.998314244810308	0.0012
0.998169935576235	0.0013
0.998025340014316	0.0014
0.997880458124553	0.0015
0.997735433070866	0.0016
0.997590264853257	0.0017
0.997445239799571	0.0018
0.997155046528275	0.002
0.996793700787402	0.00225
0.996434788833214	0.0025
0.996078596993558	0.00275
0.995725984251969	0.003
0.995376807444524	0.00325
0.995031639226915	0.0035
0.994690479599141	0.00375
0.994353471725125	0.004
0.993691624910522	0.0045
0.993047100930565	0.005
0.992419470293486	0.0055
0.991808589835362	0.006
0.991213743736578	0.0065
0.990634502505369	0.007
0.989519828203293	0.008
0.988459842519685	0.009
0.987449821045097	0.01
0.986484896206156	0.011
0.98554044380816	0.012
0.984681460272011	0.013
0.983822476735862	0.014
0.982963493199714	0.015
0.982247673586256	0.016
0.981388690050107	0.017
0.98067287043665	0.018
0.979241231209735	0.02
0.977523264137437	0.0225
0.975948460987831	0.025
0.974516821760916	0.0275
0.97294201861131	0.03
0.971510379384395	0.0325
0.970221904080172	0.035
0.968790264853257	0.0375
0.967501789549034	0.04
0.964924838940587	0.045
0.962491052254832	0.05
0.960057265569077	0.055
0.957623478883321	0.06
0.955189692197566	0.065
0.952755905511811	0.07
0.947745168217609	0.08
0.942877594846099	0.09
0.937723693629205	0.1
0.932569792412312	0.11
0.927272727272727	0.12
0.921832498210451	0.13
0.916249105225483	0.14
0.910522548317824	0.15
0.904652827487473	0.16
0.898639942734431	0.17
0.892483894058697	0.18
0.879742304939155	0.2
0.862992125984252	0.225
0.845526127415891	0.25
0.82705798138869	0.275
0.807874015748031	0.3
0.787831066571224	0.325
0.767072297780959	0.35
0.745597709377237	0.375
0.723407301360057	0.4
0.676735862562634	0.45
0.627344309234073	0.5
0.575375805297065	0.55
0.520830350751611	0.6
0.463851109520401	0.65
0.404581245526127	0.7
0.279312813171081	0.8
0.144595561918396	0.9
0	1
