0.999993949101264	9.99999E-07
0.99999365248858	1.09999E-06
0.999993296553361	1.19999E-06
0.999992999940677	1.29999E-06
0.999992703327994	1.39999E-06
0.999992406715311	1.49999E-06
0.999992169425165	1.59999E-06
0.999991872812482	1.69999E-06
0.999991576199798	1.79999E-06
0.999991042296969	1.99999E-06
0.999990449071602	2.24999E-06
0.999989796523699	2.49999E-06
0.999989203298333	2.74999E-06
0.999988610072967	2.99999E-06
0.9999880168476	3.24999E-06
0.999987423622234	3.49999E-06
0.999986889719404	3.74999E-06
0.999986355816575	3.99999E-06
0.999985288010915	4.49999E-06
0.999984220205256	4.99999E-06
0.999983211722133	5.49999E-06
0.99998220323901	5.99999E-06
0.999981194755888	6.49999E-06
0.999980245595302	6.99999E-06
0.999978347274129	7.99999E-06
0.999976448952957	8.99999E-06
0.999974609954322	9.99999E-06
0.999972830278223	1.1E-05
0.999971050602124	1.2E-05
0.999969330248561	1.3E-05
0.999967609894999	1.39999E-05
0.999965889541437	1.49999E-05
0.999964169187874	1.59999E-05
0.999962508156849	1.69999E-05
0.999960847125823	1.79999E-05
0.999957525063772	1.99999E-05
0.999953372486207	2.24999E-05
0.999949338553717	2.49999E-05
0.999945304621225	2.74999E-05
0.999941270688735	2.99999E-05
0.99993729607878	3.24999E-05
0.999933321468826	3.49999E-05
0.999929406181408	3.74999E-05
0.999925431571454	3.99999E-05
0.999917541674082	4.49999E-05
0.99990965177671	4.99999E-05
0.999901821201875	5.49999E-05
0.999893990627039	5.99999E-05
0.999886100729667	6.49999E-05
0.999878210832295	6.99999E-05
0.999862371715015	7.99999E-05
0.999846532597734	8.99999E-05
0.99983057483538	9.99999E-05
0.999814498427953	0.00011
0.999798362697989	0.00012
0.999782108322952	0.00013
0.999765794625378	0.00014
0.999749421605268	0.00015
0.999732929940084	0.00016
0.999716319629827	0.00017
0.999699649997034	0.00018
0.999666014118764	0.0002
0.999623479859999	0.000225
0.999580648988551	0.00025
0.99953734353681	0.000275
0.999493800794922	0.0003
0.999449902117815	0.000325
0.999405766150561	0.00035
0.999361452215697	0.000375
0.99931684166815	0.0004
0.999227086670226	0.00045
0.999136797769473	0.0005
0.999046212256036	0.00055
0.998955330129916	0.0006
0.998864329358723	0.00065
0.998773269264994	0.0007
0.998591030432461	0.0008
0.998409444147832	0.0009
0.998228747701252	0.001
0.998049237705404	0.0011
0.997871032805363	0.0012
0.997694310968737	0.0013
0.997519131518064	0.0014
0.997345553775879	0.0015
0.997173637064721	0.0016
0.997003381384588	0.0017
0.996834727412944	0.0018
0.996502343240197	0.002
0.996096043186807	0.00225
0.995699709319571	0.0025
0.995312926380732	0.00275
0.994935279112535	0.003
0.994566233612149	0.00325
0.994205374621819	0.0035
0.993830456190307	0.00375
0.993533843507148	0.004
0.992821973067568	0.0045
0.99216942516462	0.005
0.991576199798303	0.0055
0.990982974431987	0.006
0.99038974906567	0.0065
0.989796523699353	0.007
0.988728718039983	0.008
0.987720234917245	0.009
0.986711751794507	0.01
0.9857625912084	0.011
0.984872753158925	0.012
0.98398291510945	0.013
0.983093077059975	0.014
0.982262561547132	0.015
0.98149136857092	0.016
0.980720175594708	0.017
0.979948982618497	0.018
0.978406596666073	0.02
0.976626920567123	0.0225
0.974906567004805	0.025
0.97330485851575	0.0275
0.971703150026695	0.03
0.970160764074272	0.0325
0.96867770065848	0.035
0.967194637242688	0.0375
0.965770896363529	0.04
0.96298273714184	0.045
0.960313222993415	0.05
0.957703031381622	0.055
0.95515216230646	0.06
0.95266061576793	0.065
0.950228391766032	0.07
0.945304621225604	0.08
0.940440173221807	0.09
0.935635047754642	0.1
0.930711277214214	0.11
0.925787506673785	0.12
0.920745091060094	0.13
0.91564335290977	0.14
0.910422969686184	0.15
0.905143263925965	0.16
0.899685590555852	0.17
0.894109272112475	0.18
0.882660022542564	0.2
0.867592098238121	0.225
0.851693658420834	0.25
0.835024025627336	0.275
0.817405232247731	0.3
0.799015245891914	0.325
0.779735421486623	0.35
0.759625081568488	0.375
0.73868422613751	0.4
0.694310968737023	0.45
0.646615649285163	0.5
0.595657590318562	0.55
0.541555436910482	0.6
0.484249866524293	0.65
0.423918846769888	0.7
0.29406181408317	0.8
0.152755531826541	0.9
0	1
