0.99998974095922	9.99999E-07
0.99998974095922	1.09999E-06
0.99998974095922	1.19999E-06
0.99998974095922	1.29999E-06
0.99998974095922	1.39999E-06
0.99998974095922	1.49999E-06
0.99998974095922	1.59999E-06
0.999987176199025	1.69999E-06
0.999987176199025	1.79999E-06
0.999987176199025	1.99999E-06
0.999987176199025	2.24999E-06
0.99998461143883	2.49999E-06
0.99998461143883	2.74999E-06
0.99998461143883	2.99999E-06
0.999982046678636	3.24999E-06
0.999982046678636	3.49999E-06
0.999982046678636	3.74999E-06
0.999982046678636	3.99999E-06
0.999979481918441	4.49999E-06
0.999979481918441	4.99999E-06
0.999976917158246	5.49999E-06
0.999976917158246	5.99999E-06
0.999974352398051	6.49999E-06
0.999974352398051	6.99999E-06
0.999971787637856	7.99999E-06
0.999969222877661	8.99999E-06
0.999966658117466	9.99999E-06
0.999964093357271	1.1E-05
0.999964093357271	1.2E-05
0.999961528597076	1.3E-05
0.999958963836881	1.39999E-05
0.999956399076686	1.49999E-05
0.999956399076686	1.59999E-05
0.999953834316491	1.69999E-05
0.999951269556297	1.79999E-05
0.999948704796102	1.99999E-05
0.999943575275712	2.24999E-05
0.999938445755322	2.49999E-05
0.999935880995127	2.74999E-05
0.999930751474737	2.99999E-05
0.999928186714542	3.24999E-05
0.999923057194152	3.49999E-05
0.999920492433957	3.74999E-05
0.999915362913568	3.99999E-05
0.999907668632983	4.49999E-05
0.999899974352398	4.99999E-05
0.999892280071813	5.49999E-05
0.999884585791228	5.99999E-05
0.999879456270839	6.49999E-05
0.999871761990254	6.99999E-05
0.999856373429084	7.99999E-05
0.99984354962811	8.99999E-05
0.99982816106694	9.99999E-05
0.999815337265966	0.00011
0.999802513464991	0.00012
0.999789689664016	0.00013
0.999774301102847	0.00014
0.999761477301872	0.00015
0.999748653500898	0.00016
0.999735829699923	0.00017
0.999723005898948	0.00018
0.999697358296999	0.0002
0.999664016414465	0.000225
0.999633239292126	0.00025
0.999599897409592	0.000275
0.999569120287253	0.0003
0.999538343164914	0.000325
0.999507566042575	0.00035
0.999474224160041	0.000375
0.999443447037702	0.0004
0.999381892793024	0.00045
0.999320338548346	0.0005
0.999258784303668	0.00055
0.999197230058989	0.0006
0.999138240574506	0.00065
0.999076686329828	0.0007
0.998956142600667	0.0008
0.998835598871506	0.0009
0.998715055142344	0.001
0.998597076173378	0.0011
0.998476532444216	0.0012
0.998361118235445	0.0013
0.998243139266478	0.0014
0.998125160297512	0.0015
0.998009746088741	0.0016
0.997894331879969	0.0017
0.997778917671198	0.0018
0.997548089253655	0.002
0.997265965632213	0.00225
0.996986406770967	0.0025
0.996709412669915	0.00275
0.996434983329059	0.003
0.996163118748397	0.00325
0.995896383688125	0.0035
0.995632213388048	0.00375
0.995370607848166	0.004
0.994855091048987	0.0045
0.994349833290587	0.005
0.993854834572968	0.0055
0.993372659656322	0.006
0.992898179020262	0.0065
0.992433957424981	0.007
0.991528597076173	0.008
0.9906565786099	0.009
0.989812772505771	0.01
0.988997178763785	0.011
0.988204667863555	0.012
0.987435239805078	0.013
0.986686329828161	0.014
0.985955373172608	0.015
0.98524236983842	0.016
0.984547319825596	0.017
0.983865093613747	0.018
0.982541677353167	0.02
0.980956655552706	0.0225
0.979435752757117	0.025
0.977968709925622	0.0275
0.97655039753783	0.03
0.975170556552962	0.0325
0.973839446011798	0.035
0.972557065914337	0.0375
0.971274685816876	0.04
0.968709925621954	0.045
0.966145165427032	0.05
0.963836881251603	0.055
0.961528597076173	0.06
0.958963836881252	0.065
0.956655552705822	0.07
0.952038984354963	0.08
0.947165939984611	0.09
0.94229289561426	0.1
0.937419851243909	0.11
0.932290330854065	0.12
0.927160810464222	0.13
0.921774814054886	0.14
0.916132341626058	0.15
0.91048986919723	0.16
0.904847396768402	0.17
0.898948448320082	0.18
0.886381123364965	0.2
0.870223134136958	0.225
0.853039240830982	0.25
0.83508591946653	0.275
0.816106694024109	0.3
0.796358040523211	0.325
0.775839958963837	0.35
0.754552449345986	0.375
0.732495511669659	0.4
0.686073352141575	0.45
0.636573480379585	0.5
0.584508848422672	0.55
0.529622980251346	0.6
0.471915875865607	0.65
0.411644011284945	0.7
0.28391895357784	0.8
0.146447807130033	0.9
0	1
