2.2E-07	0
2.4E-07	0.002881976879365
2.6E-07	0.004862063572266
2.8E-07	0.006464809005584
3E-07	0.007779381879421
3.2E-07	0.008930627348747
3.4E-07	0.009915884061563
3.6E-07	0.010808509642857
4E-07	0.012313492447902
4.5E-07	0.013784797501002
4.99998E-07	0.014956962033502
5.49998E-07	0.015890499231157
5.99998E-07	0.016686597547984
6.49998E-07	0.0173295435064
6.99998E-07	0.017895945421547
7.49998E-07	0.018376413374697
7.99998E-07	0.01878108145807
8.99998E-07	0.01950480796226
9.99998E-07	0.020045709926576
1.099998E-06	0.020502932013579
1.199998E-06	0.020869048558077
1.299998E-06	0.021179047774332
1.399998E-06	0.021449574370731
1.599998E-06	0.021924608334295
1.799998E-06	0.022271222570016
1.999998E-06	0.022551591430573
2.19998E-06	0.022784324268639
2.39998E-06	0.022986536382028
2.59998E-06	0.023163945567035
2.79998E-06	0.02332239480069
2.99998E-06	0.023467804365862
3.19998E-06	0.023597404632068
3.39998E-06	0.02370923370951
3.59998E-06	0.023818498123186
3.99998E-06	0.024042665190447
4.49998E-06	0.024273264600345
4.99998E-06	0.024464101621397
5.49998E-06	0.02464446385049
5.99998E-06	0.024803342479395
6.49998E-06	0.024958428570204
6.99998E-06	0.025102436022731
7.49998E-06	0.025236440288518
7.99998E-06	0.02537291898223
8.99998E-06	0.025758646063852
9.99998E-06	0.026082782505559
1.099998E-05	0.026021303523848
1.199998E-05	0.026511902880091
1.299998E-05	0.02660515895762
1.399998E-05	0.026762714612233
1.599998E-05	0.027212008344432
1.799998E-05	0.02742088409488
1.999998E-05	0.027754701265273
2.2E-05	0.028171407784328
2.4E-05	0.028330967135245
2.6E-05	0.028866181738935
2.79998E-05	0.029132920848752
2.99998E-05	0.029161520315272
3.19998E-05	0.029522203298915
3.39998E-05	0.02990572818329
3.59998E-05	0.030048684774045
3.99998E-05	0.030668819897091
4.49998E-05	0.03135001427041
4.99998E-05	0.031889585740009
5.49998E-05	0.032296130476892
5.99998E-05	0.032973495495079
6.49998E-05	0.033489000504705
6.99998E-05	0.033858498667072
7.49998E-05	0.034449828066505
7.99998E-05	0.03488536990045
8.99998E-05	0.035827239782087
9.99998E-05	0.036677037003359
0.0001099998	0.037434277560987
0.0001199998	0.038239851772863
0.0001299998	0.039074993998118
0.0001399998	0.039798487031808
0.0001599998	0.041304150534648
0.0001799998	0.042620901271353
0.0001999998	0.043870968894417
0.00022	0.045150407384559
0.00024	0.046243736685862
0.00026	0.047455160786952
0.00028	0.04848300644511
0.0003	0.049612665148876
0.00032	0.050653721577199
0.00034	0.05169619866094
0.00036	0.052655207235396
0.0004	0.054649847761823
0.00045	0.056981965654993
0.0005	0.059213452529505
0.00055	0.061344070208494
0.0006	0.063440197274408
0.00065	0.065436965514848
0.0007	0.067340629777947
0.00075	0.069270412059315
0.0008	0.071108349318116
0.0009	0.074787868416119
0.001	0.078280749754534
0.0011	0.08160408594048
0.0012	0.084863782003749
0.0013	0.08806060560341
0.0014	0.091113536981753
0.0016	0.09717965435907
0.0018	0.102939150008079
0.002	0.108469058682292
0.0022	0.113830313683878
0.0024	0.119042777418551
0.0026	0.124121788817096
0.0028	0.129080828544443
0.003	0.133912662154797
0.0032	0.138687686520145
0.0034	0.143431202689533
0.0036	0.148137771679016
0.004	0.157528048341105
0.0045	0.169009989656546
0.005	0.180251006636887
0.0055	0.191205278233526
0.006	0.201859338080723
0.0065	0.212267260551449
0.007	0.222396502169201
0.0075	0.232247707971259
0.008	0.241831764948053
0.009	0.260311204998271
0.01	0.27781740953845
0.011	0.29440641158041
0.012	0.310164438740375
0.013	0.325130150698814
0.014	0.339357746448903
0.016	0.365944590792788
0.018	0.39017960987137
0.02	0.41236611138423
0.022	0.43277060045839
0.024	0.451615604436858
0.026	0.469078894757101
0.028	0.485311225581597
0.03	0.500456730816155
0.032	0.514628123496397
0.034	0.527898658731902
0.036	0.540382642052349
0.04	0.563236248677113
0.045	0.588447051626322
0.05	0.610577114639689
0.055	0.63019176606881
0.06	0.644433752363076
0.065	0.662350451412069
0.07	0.680691327739777
0.075	0.688573212557126
0.08	0.707797631772307
0.09	0.726201017130938
0.1	0.736986849417844
0.11	0.758589708561677
0.12	0.77169946451487
0.13	0.785471378782957
0.14	0.791716137441317
0.16	0.813389495886152
0.18	0.82837844078769
0.2	0.837424596708921
0.22	0.852665051553565
0.24	0.861640005590768
0.26	0.865292428237632
0.28	0.873787183363515
0.3	0.881620504472614
0.32	0.884576216693076
0.34	0.89121711571113
0.36	0.897169220393845
0.4	0.90374643585446
0.45	0.911714018537298
0.5	0.919471056683568
0.55	0.924434109712335
0.6	0.931350067236307
0.65	0.933851074371976
0.7	0.938145486202549
0.75	0.942144375389045
0.8	0.94439413442723
0.9	0.949978795046427
1	0.953876430441784

