#x/r		(Emax-e)/emax
0.999987655597097	1.09452736318408E-08
0.999987110182538	1.19402985074627E-08
0.999986597756763	1.29353233830846E-08
0.999986113921267	1.39303482587065E-08
0.999985656476798	1.49253731343284E-08
0.999985218825599	1.59203980099503E-08
0.999984798768419	1.69154228855721E-08
0.999984398504508	1.7910447761194E-08
0.999983641961733	1.99004975124378E-08
0.99998277105784	2.23880597014925E-08
0.999981966131515	2.48755223880597E-08
0.999981213987244	2.73630845771144E-08
0.999980510226523	2.98506467661692E-08
0.999979846052342	3.23382089552239E-08
0.999979217066197	3.48257711442786E-08
0.999978618869584	3.73133333333333E-08
0.999978047063998	3.98008955223881E-08
0.999976907851331	4.47760199004975E-08
0.999976028150429	4.9751144278607E-08
0.999975148449527	5.47262686567164E-08
0.999974268748625	5.97013930348259E-08
0.999973389047724	6.46765174129353E-08
0.999972509346822	6.96516417910448E-08
0.99997118979547	7.96018905472637E-08
0.999969870244117	8.95521393034826E-08
0.999968550692765	9.95023880597015E-08
0.999967451066637	1.09451741293532E-07
0.99996635144051	1.19401990049751E-07
0.999965251814383	1.2935223880597E-07
0.999964152188256	1.39302487562189E-07
0.999963272487354	1.49252736318408E-07
0.999962392786453	1.59202985074627E-07
0.999961513085551	1.69153233830846E-07
0.999960633384649	1.79103482587065E-07
0.999959093908071	1.99003980099503E-07
0.999957114581042	2.2387960199005E-07
0.999955575104464	2.48755223880597E-07
0.999953815702661	2.73630845771144E-07
0.999952276226083	2.98506467661692E-07
0.999950956674731	3.23382089552239E-07
0.999949417198153	3.48257711442786E-07
0.9999480976468	3.73133333333333E-07
0.999946778095448	3.98008955223881E-07
0.999944358917968	4.47760199004975E-07
0.999942159665713	4.9751144278607E-07
0.999939960413459	5.47262686567164E-07
0.999937981086431	5.97013930348259E-07
0.999936001759402	6.46765174129353E-07
0.999934242357598	6.96516417910448E-07
0.999930723553991	7.96018905472637E-07
0.999927644600836	8.95521393034826E-07
0.99992456564768	9.95023880597015E-07
0.999921706619749	1.09452736318408E-06
0.999918847591819	1.19402985074627E-06
0.999916428414339	1.29353233830846E-06
0.999913789311634	1.39302487562189E-06
0.999911370134154	1.49252736318408E-06
0.9999091708819	1.59202985074627E-06
0.999906971629646	1.69153233830846E-06
0.999904772377392	1.79103482587065E-06
0.999900593798109	1.99003980099502E-06
0.999895755443149	2.2387960199005E-06
0.999891137013415	2.48755223880597E-06
0.999886958434132	2.73630845771144E-06
0.999882779854849	2.98506467661692E-06
0.999878821200792	3.23382089552239E-06
0.999874862546734	3.48257711442786E-06
0.999871343743127	3.73133333333333E-06
0.999867824939521	3.98008955223881E-06
0.999861007257532	4.47760199004975E-06
0.99985440950077	4.9751144278607E-06
0.999848251594458	5.47262686567164E-06
0.999842533538597	5.97013930348259E-06
0.999836815482736	6.46765174129353E-06
0.9998313173521	6.96516417910448E-06
0.999820980866505	7.96018905472637E-06
0.999811304156587	8.95521393034826E-06
0.999801847371894	9.95023880597015E-06
0.999793050362877	1.09452736318408E-05
0.999784473279085	1.19402985074627E-05
0.999776116120519	1.29353233830846E-05
0.999768198812404	1.39303482587065E-05
0.999760281504289	1.49253731343284E-05
0.999752804046624	1.59203980099502E-05
0.999745546514185	1.69154228855721E-05
0.999738288981746	1.7910447761194E-05
0.999724433692545	1.99004975124378E-05
0.999707719375412	2.23880597014925E-05
0.999691664833957	2.48756218905473E-05
0.999676489993402	2.7363184079602E-05
0.999661535078073	2.98507462686567E-05
0.999647020013196	3.23383084577114E-05
0.999633164723994	3.48258706467662E-05
0.999619529360018	3.73134328358209E-05
0.999606113921267	3.98009950248756E-05
0.999580162744667	4.47761194029851E-05
0.999555091268968	4.97512437810945E-05
0.999530899494172	5.4726368159204E-05
0.999507367495052	5.97014925373134E-05
0.999484495271608	6.46766169154229E-05
0.999462062898614	6.96517412935323E-05
0.999418737629206	7.96019900497512E-05
0.99937673191115	8.95522388059701E-05
0.999336045744447	9.9502487562189E-05
0.999296239278645	0.000109452736318
0.999257532438971	0.000119402985075
0.999219485374973	0.000129353233831
0.999182098086651	0.000139303482587
0.999145370574005	0.000149253731343
0.999109302837035	0.0001592039801
0.999073455025291	0.000169154228856
0.999038266989224	0.000179104477612
0.99896877061799	0.000199004975124
0.998883879480976	0.000223880597015
0.998800747745766	0.000248756218905
0.998718715636683	0.000273631840796
0.998638003078953	0.000298507462687
0.99855839014735	0.000323383084577
0.998479436991423	0.000348258706468
0.998401363536398	0.000373134328358
0.998323949857049	0.000398009950249
0.998170442049703	0.00044776119403
0.998018693644161	0.000497512437811
0.997868484715197	0.000547263681592
0.997719155487134	0.000597014925373
0.997570486034748	0.000646766169154
0.997422696283264	0.000696517412935
0.997127996481196	0.000796019900498
0.996834396305256	0.00089552238806
0.996541016054541	0.000995024875622
0.996247635803826	0.001094527363184
0.995953815702661	0.001194029850746
0.995659115900594	0.001293532338308
0.995363536397625	0.001393034825871
0.995066857268529	0.001492537313433
0.99476885858808	0.001592039800995
0.994469540356279	0.001691542288557
0.994168902573125	0.001791044776119
0.993565427754563	0.001990049751244
0.992810864306136	0.002238805970149
0.992052782054102	0.002487562189055
0.991286782493952	0.00273631840796
0.990510666373433	0.002985074626866
0.989722894215967	0.003233830845771
0.988923466021553	0.003482587064677
0.988112161864966	0.003731343283582
0.987289421596657	0.003980099502488
0.985610952276226	0.004477611940299
0.983892236639543	0.004975124378109
0.982137673191115	0.00547263681592
0.980350340884099	0.005970149253731
0.978533978447328	0.006467661691542
0.976687926105124	0.006965174129353
0.972949197272927	0.007960199004975
0.968990543215307	0.008955223880597
0.96525181438311	0.009950248756219
0.961293160325489	0.010945273631841
0.957334506267869	0.011940298507463
0.953155926984825	0.012935323383085
0.949197272927205	0.013930348258707
0.945018693644161	0.014925373134328
0.940840114361117	0.01592039800995
0.936881460303497	0.016915422885572
0.932702881020453	0.017910447761194
0.924345722454365	0.019900497512438
0.914009236859468	0.022388059701493
0.90367275126457	0.024875621890547
0.893556190895096	0.027363184079602
0.883659555751045	0.029850746268657
0.873982845832417	0.032338308457712
0.864306135913789	0.034825870646766
0.854849351220585	0.037313432835821
0.845832416978227	0.039800995024876
0.828238398944359	0.044776119402985
0.811524081812184	0.049751243781095
0.795909390807126	0.054726368159204
0.780954475478337	0.059701492537314
0.766879261051243	0.064676616915423
0.753683747525841	0.069651741293532
0.729272047503849	0.079601990049751
0.707279524961513	0.08955223880597
0.687266329447988	0.099502487562189
0.668792610512426	0.109452736318408
0.651858368154827	0.119402985074627
0.636023751924346	0.129353233830846
0.621288761820981	0.139303482587065
0.607433472619309	0.149253731343284
0.594018033868485	0.159203980099502
0.581482296019353	0.169154228855721
0.569606333846492	0.17910447761194
0.546954035627886	0.199004975124378
0.520782933802507	0.223880597014925
0.496591159005938	0.248756218905473
0.473718935561909	0.27363184079602
0.451946338244997	0.298507462686567
0.431273367055201	0.323383084577114
0.411260171541676	0.348258706467662
0.392126676929844	0.373134328358209
0.373433032768859	0.398009950248756
0.337365295799428	0.447761194029851
0.303056960633385	0.497512437810945
0.269848251594458	0.54726368159204
0.237739168682648	0.597014925373134
0.206509786672531	0.646766169154229
0.175940180338685	0.696517412935323
0.116560369474379	0.796019900497512
0.058939960413459	0.895522388059701
0.00263910270508	0.99502487562189
0	1
