#x/r		(Emax-e)/emax
0.999984237547893	1.09452736318408E-08
0.999983555555556	1.19402985074627E-08
0.9999829348659	1.29353233830846E-08
0.999982375478927	1.39303482587065E-08
0.999981846743295	1.49253731343284E-08
0.999981363984674	1.59203980099503E-08
0.999980904214559	1.69154228855721E-08
0.999980475095785	1.7910447761194E-08
0.99997967816092	1.99004975124378E-08
0.999978781609195	2.23880597014925E-08
0.999977977011494	2.48755223880597E-08
0.999977233716475	2.73630845771144E-08
0.999976544061303	2.98506467661692E-08
0.999975900383142	3.23382089552239E-08
0.999975295019157	3.48257711442786E-08
0.999974720306513	3.73133333333333E-08
0.999974176245211	3.98008955223881E-08
0.999973157088123	4.47760199004975E-08
0.999972222222222	4.9751144278607E-08
0.999971348659004	5.47262686567164E-08
0.999970528735632	5.97013930348259E-08
0.999969754789272	6.46765174129353E-08
0.999969019157088	6.96516417910448E-08
0.999967655172414	7.96018905472637E-08
0.999966390804598	8.95521393034826E-08
0.99996522605364	9.95023880597015E-08
0.999964122605364	1.09451741293532E-07
0.999963088122605	1.19401990049751E-07
0.999962107279693	1.2935223880597E-07
0.999961172413793	1.39302487562189E-07
0.999960275862069	1.49252736318408E-07
0.999959417624521	1.59202985074627E-07
0.999958590038314	1.69153233830846E-07
0.999957793103448	1.79103482587065E-07
0.999956268199234	1.99003980099503E-07
0.999954498084291	2.2387960199005E-07
0.999952835249042	2.48755223880597E-07
0.999951272030651	2.73630845771144E-07
0.999949793103448	2.98506467661692E-07
0.999948383141762	3.23382089552239E-07
0.999947034482759	3.48257711442786E-07
0.999945739463601	3.73133333333333E-07
0.999944498084291	3.98008955223881E-07
0.999942137931035	4.47760199004975E-07
0.999939915708812	4.9751144278607E-07
0.999937823754789	5.47262686567164E-07
0.99993583908046	5.97013930348259E-07
0.999933938697318	6.46765174129353E-07
0.999932122605364	6.96516417910448E-07
0.999928689655172	7.96018905472637E-07
0.999925486590038	8.95521393034826E-07
0.999922605363985	9.95023880597015E-07
0.999919540229885	1.09452736318408E-06
0.99991724137931	1.19402985074627E-06
0.999914176245211	1.29353233830846E-06
0.999911877394636	1.39302487562189E-06
0.999909578544061	1.49252736318408E-06
0.999907279693487	1.59202985074627E-06
0.999904980842912	1.69153233830846E-06
0.999902681992337	1.79103482587065E-06
0.999898084291188	1.99003980099502E-06
0.999893486590038	2.2387960199005E-06
0.999888888888889	2.48755223880597E-06
0.99988429118774	2.73630845771144E-06
0.999880459770115	2.98506467661692E-06
0.999875862068966	3.23382089552239E-06
0.999872030651341	3.48257711442786E-06
0.999868199233717	3.73133333333333E-06
0.999864367816092	3.98008955223881E-06
0.999857471264368	4.47760199004975E-06
0.999851340996169	4.9751144278607E-06
0.999844444444444	5.47262686567164E-06
0.999838314176245	5.97013930348259E-06
0.999832950191571	6.46765174129353E-06
0.999826819923372	6.96516417910448E-06
0.999816091954023	7.96018905472637E-06
0.999805363984674	8.95521393034826E-06
0.999796168582376	9.95023880597015E-06
0.999786206896552	1.09452736318408E-05
0.999777777777778	1.19402985074627E-05
0.999768582375479	1.29353233830846E-05
0.999760153256705	1.39303482587065E-05
0.999752490421456	1.49253731343284E-05
0.999744061302682	1.59203980099502E-05
0.999736398467433	1.69154228855721E-05
0.999728735632184	1.7910447761194E-05
0.999714176245211	1.99004975124378E-05
0.999695785440613	2.23880597014925E-05
0.999678927203065	2.48756218905473E-05
0.999662835249042	2.7363184079602E-05
0.999646743295019	2.98507462686567E-05
0.999631417624521	3.23383084577114E-05
0.999616858237548	3.48258706467662E-05
0.99960153256705	3.73134328358209E-05
0.999587739463601	3.98009950248756E-05
0.99955938697318	4.47761194029851E-05
0.999533333333333	4.97512437810945E-05
0.999507279693487	5.4726368159204E-05
0.999481992337165	5.97014925373134E-05
0.999457471264368	6.46766169154229E-05
0.999432950191571	6.96517412935323E-05
0.999386206896552	7.96019900497512E-05
0.999340996168582	8.95522388059701E-05
0.999297318007663	9.9502487562189E-05
0.999255172413793	0.000109452736318
0.999213026819923	0.000119402985075
0.999172413793103	0.000129353233831
0.999132567049808	0.000139303482587
0.999092720306513	0.000149253731343
0.999053639846743	0.0001592039801
0.999015325670498	0.000169154228856
0.998977777777778	0.000179104477612
0.998903448275862	0.000199004975124
0.998812260536398	0.000223880597015
0.998722605363985	0.000248756218905
0.998635249042146	0.000273631840796
0.998548659003831	0.000298507462687
0.998463601532567	0.000323383084577
0.998379310344828	0.000348258706468
0.998295785440613	0.000373134328358
0.998213793103448	0.000398009950249
0.998049808429119	0.00044776119403
0.997888888888889	0.000497512437811
0.997728735632184	0.000547263681592
0.997570881226054	0.000597014925373
0.997413026819923	0.000646766169154
0.997256704980843	0.000696517412935
0.996945593869732	0.000796019900498
0.996636781609195	0.00089552238806
0.996328735632184	0.000995024875622
0.996020689655172	0.001094527363184
0.995713409961686	0.001194029850746
0.995405363984674	0.001293532338308
0.995097318007663	0.001393034825871
0.994788505747126	0.001492537313433
0.994478927203065	0.001592039800995
0.994168582375479	0.001691542288557
0.993856704980843	0.001791044776119
0.993229885057471	0.001990049751244
0.992444444444444	0.002238805970149
0.991654406130268	0.002487562189055
0.990857471264368	0.00273631840796
0.990050574712643	0.002985074626866
0.989235249042146	0.003233830845771
0.988409961685824	0.003482587064677
0.987575478927203	0.003731343283582
0.986731800766284	0.003980099502488
0.985019157088123	0.004477611940299
0.983277394636015	0.004975124378109
0.981511111111111	0.00547263681592
0.979722605363985	0.005970149253731
0.97791570881226	0.006467661691542
0.976093486590038	0.006965174129353
0.972406896551724	0.007960199004975
0.968684291187739	0.008955223880597
0.964936398467433	0.009950248756219
0.961171647509578	0.010945273631841
0.9573969348659	0.011940298507463
0.953616858237548	0.012935323383085
0.949836015325671	0.013930348258707
0.946058237547893	0.014925373134328
0.942285823754789	0.01592039800995
0.938521072796935	0.016915422885572
0.934767816091954	0.017910447761194
0.927298084291188	0.019900497512438
0.918007662835249	0.022388059701493
0.908812260536399	0.024875621890547
0.900383141762452	0.027363184079602
0.891187739463602	0.029850746268657
0.882758620689655	0.032338308457712
0.874329501915709	0.034825870646766
0.865900383141762	0.037313432835821
0.85823754789272	0.039800995024876
0.842911877394636	0.044776119402985
0.828352490421456	0.049751243781095
0.815325670498084	0.054726368159204
0.802298850574713	0.059701492537314
0.790804597701149	0.064676616915423
0.779310344827586	0.069651741293532
0.757854406130268	0.079601990049751
0.738697318007663	0.08955223880597
0.72183908045977	0.099502487562189
0.704980842911877	0.109452736318408
0.689655172413793	0.119402985074627
0.675862068965517	0.129353233830846
0.662068965517241	0.139303482587065
0.64904214559387	0.149253731343284
0.636015325670498	0.159203980099502
0.623754789272031	0.169154228855721
0.612260536398467	0.17910447761194
0.590038314176245	0.199004975124378
0.563218390804598	0.223880597014925
0.537931034482759	0.248756218905473
0.513409961685824	0.27363184079602
0.489655172413793	0.298507462686567
0.467432950191571	0.323383084577114
0.445977011494253	0.348258706467662
0.424521072796935	0.373134328358209
0.403831417624521	0.398009950248756
0.364750957854406	0.447761194029851
0.3272030651341	0.497512437810945
0.291187739463602	0.54726368159204
0.255938697318008	0.597014925373134
0.222222222222222	0.646766169154229
0.188505747126437	0.696517412935323
0.124904214559387	0.796019900497512
0.062835249042146	0.895522388059701
0.003065134099617	0.99502487562189
0	1
