#x/r		(Emax-e)/emax
0.999976158940397	1.60583941605839E-08
0.999975140091696	1.75182481751825E-08
0.999974121242996	1.8978102189781E-08
0.999973102394294	2.04379562043796E-08
0.999972287315334	2.18978102189781E-08
0.999971370351503	2.33576642335766E-08
0.999970555272542	2.48175182481752E-08
0.999969740193581	2.62773722627737E-08
0.9999683138054	2.91970802919708E-08
0.999966581762608	3.28467153284672E-08
0.999964951604687	3.6496204379562E-08
0.999963423331635	4.01458394160584E-08
0.999961996943454	4.37954744525547E-08
0.999960672440143	4.74451094890511E-08
0.999959449821701	5.10947445255474E-08
0.99995822720326	5.47443795620438E-08
0.999957106469689	5.83940145985402E-08
0.999954865002547	6.56932846715329E-08
0.999952929190015	7.29925547445256E-08
0.999950993377484	8.02918248175183E-08
0.999949261334692	8.7591094890511E-08
0.9999475292919	9.48903649635037E-08
0.999946001018849	1.02189635036496E-07
0.999942944472746	1.16788175182482E-07
0.999940193581253	1.31386715328467E-07
0.999937646459501	1.45985255474453E-07
0.999935303107489	1.60582481751825E-07
0.999933061640346	1.7518102189781E-07
0.999930922058074	1.89779562043796E-07
0.999928884360672	2.04378102189781E-07
0.99992694854814	2.18976642335766E-07
0.999925114620479	2.33575182481752E-07
0.999923280692817	2.48173722627737E-07
0.999921650534895	2.62772262773723E-07
0.999918390219052	2.91969343065693E-07
0.999914518593989	3.28465693430657E-07
0.999911054508405	3.6496204379562E-07
0.999907692307692	4.01458394160584E-07
0.999904635761589	4.37954744525548E-07
0.999901579215486	4.74451094890511E-07
0.999898828323994	5.10947445255474E-07
0.999896077432501	5.47443795620438E-07
0.999893530310749	5.83940145985401E-07
0.999888537952114	6.56932846715328E-07
0.99988395313296	7.29925547445255E-07
0.999879673968416	8.02918248175183E-07
0.999875598573612	8.7591094890511E-07
0.999871726948548	9.48903649635036E-07
0.999868059093225	1.02189635036496E-06
0.999861029037188	1.16788175182482E-06
0.999854610290372	1.31386715328467E-06
0.999848599083036	1.45985255474453E-06
0.999842893530311	1.60583941605839E-06
0.999837493632196	1.75182481751825E-06
0.999832399388691	1.8978102189781E-06
0.999827508914926	2.04378102189781E-06
0.999822720326032	2.18976642335766E-06
0.999818237391747	2.33575182481752E-06
0.999813856342333	2.48173722627737E-06
0.999809577177789	2.62772262773723E-06
0.999801528273051	2.91969343065693E-06
0.999792052980133	3.28465693430657E-06
0.999783188996434	3.6496204379562E-06
0.999774732552216	4.01458394160584E-06
0.999766785532348	4.37954744525548E-06
0.999759144167091	4.74451094890511E-06
0.999751808456444	5.10947445255475E-06
0.999744676515538	5.47443795620438E-06
0.999737952114111	5.83940145985402E-06
0.999724910850739	6.56932846715329E-06
0.999712786551197	7.29925547445256E-06
0.999701171676006	8.02918248175183E-06
0.999690066225165	8.7591094890511E-06
0.999679572083545	9.48903649635037E-06
0.999669383596536	1.02189635036496E-05
0.999650025471217	1.16788175182482E-05
0.99963199184921	1.31386715328467E-05
0.999614773306164	1.45985255474453E-05
0.999598471726949	1.60583941605839E-05
0.999582883341824	1.75182481751825E-05
0.999567906265919	1.8978102189781E-05
0.999553438614366	2.04379562043796E-05
0.999539480387162	2.18978102189781E-05
0.99952582781457	2.33576642335766E-05
0.999512684666327	2.48175182481752E-05
0.999499847172695	2.62773722627737E-05
0.999475191034131	2.91970802919708E-05
0.999445848191544	3.28467153284671E-05
0.999417829852267	3.64963503649635E-05
0.999391034131432	4.01459854014599E-05
0.999365359144167	4.37956204379562E-05
0.999340499235863	4.74452554744526E-05
0.99931635252165	5.10948905109489E-05
0.999293020886398	5.47445255474453E-05
0.999270198675497	5.83941605839416E-05
0.999226388181355	6.56934306569343E-05
0.999184309730005	7.2992700729927E-05
0.999143861436577	8.02919708029197E-05
0.99910483953133	8.75912408759124E-05
0.999066938359654	9.48905109489051E-05
0.999030157921549	0.000102189781022
0.998959144167091	0.000116788321168
0.998891186958737	0.000131386861314
0.998825776872134	0.00014598540146
0.998762404482934	0.000160583941606
0.998700967906266	0.000175182481752
0.998640957717779	0.000189781021898
0.998582475802343	0.000204379562044
0.998525216505349	0.00021897810219
0.998469077941926	0.000233576642336
0.998413856342333	0.000248175182482
0.998359653591442	0.000262773722628
0.998253489556801	0.00029197080292
0.998124808965869	0.000328467153285
0.99799979623026	0.00036496350365
0.997877840040754	0.000401459854015
0.997758430973	0.00043795620438
0.997641365257259	0.000474452554745
0.99752633723892	0.000510948905109
0.997412939378502	0.000547445255474
0.997301171676006	0.000583941605839
0.997081813550688	0.000656934306569
0.996867040244524	0.000729927007299
0.996656138563423	0.000802919708029
0.996448395313296	0.000875912408759
0.996243504839531	0.000948905109489
0.996041059602649	0.001021897810219
0.99564218033622	0.001167883211679
0.995249719816607	0.001313868613139
0.994862455425369	0.001459854014599
0.994479368313805	0.001605839416058
0.994099541518085	0.001751824817518
0.993722465613856	0.001897810218978
0.9933475292919	0.002043795620438
0.992974528782476	0.002189781021898
0.992603056546103	0.002335766423358
0.992232806928171	0.002481751824818
0.99186357615894	0.002627737226277
0.991127356087621	0.002919708029197
0.99021008660214	0.003284671532847
0.989302088639837	0.003649635036496
0.988385124808966	0.004014598540146
0.987468160978095	0.004379562043796
0.986551197147224	0.004744525547445
0.985634233316353	0.005109489051095
0.984717269485481	0.005474452554745
0.98380030565461	0.005839416058394
0.981864493122771	0.006569343065693
0.980030565461029	0.007299270072993
0.97809475292919	0.008029197080292
0.976260825267448	0.008759124087591
0.974325012735609	0.009489051094891
0.97238920020377	0.01021897810219
0.968415690269995	0.011678832116788
0.964340295466123	0.013138686131387
0.960264900662252	0.014598540145985
0.95618950585838	0.016058394160584
0.951910341314315	0.017518248175183
0.947631176770249	0.018978102189781
0.943352012226185	0.02043795620438
0.939072847682119	0.021897810218978
0.934691798267957	0.023357664233577
0.930310748853795	0.024817518248175
0.92603158430973	0.026277372262774
0.917269485481406	0.029197080291971
0.906367804381049	0.032846715328467
0.895669893020886	0.036496350364964
0.88507386653082	0.04014598540146
0.874579724910851	0.043795620437956
0.864391237901172	0.047445255474453
0.854304635761589	0.051094890510949
0.844319918492104	0.054744525547445
0.834640855832909	0.058394160583942
0.815690269994906	0.065693430656934
0.79745287824758	0.072992700729927
0.779826795720835	0.08029197080292
0.762913907284768	0.087591240875912
0.746714212939378	0.094890510948905
0.731023942944473	0.102189781021898
0.7015792154865	0.116788321167883
0.674172185430464	0.131386861313869
0.648700967906266	0.145985401459854
0.624859908303617	0.160583941605839
0.602445236882323	0.175182481751825
0.581355068772287	0.18978102189781
0.561385634233316	0.204379562043796
0.542435048395313	0.218978102189781
0.524299541518085	0.233576642335766
0.507080998471727	0.248175182481752
0.490575649516047	0.262773722627737
0.459398879266429	0.291970802919708
0.423535404992359	0.328467153284671
0.390422822210902	0.364963503649635
0.359551706571574	0.401459854014599
0.330616403464085	0.437956204379562
0.303107488537952	0.474452554744526
0.27712684666327	0.510948905109489
0.252165053489557	0.547445255474453
0.228222109016811	0.583941605839416
0.182985226693836	0.656934306569343
0.140499235863474	0.72992700729927
0.100254712175242	0.802919708029197
0.061844116148752	0.875912408759124
0.025063678043811	0.948905109489051
0	1
