#x/r		(Emax-e)/emax
0.999980639416058	1.60583941605839E-08
0.999979783941606	1.75182481751825E-08
0.999978981021898	1.8978102189781E-08
0.999978218978102	2.04379562043796E-08
0.999977494890511	2.18978102189781E-08
0.999976805839416	2.33576642335766E-08
0.999976145985401	2.48175182481752E-08
0.999975515328467	2.62773722627737E-08
0.999974321167883	2.91970802919708E-08
0.999972945985401	3.28467153284672E-08
0.999971675912409	3.6496204379562E-08
0.999970510948905	4.01458394160584E-08
0.999969343065693	4.37954744525547E-08
0.999968467153285	4.74451094890511E-08
0.999967299270073	5.10947445255474E-08
0.999966423357664	5.47443795620438E-08
0.999965547445255	5.83940145985402E-08
0.999963795620438	6.56932846715329E-08
0.999962335766423	7.29925547445256E-08
0.999960875912409	8.02918248175183E-08
0.999959416058394	8.7591094890511E-08
0.999958248175182	9.48903649635037E-08
0.999956788321168	1.02189635036496E-07
0.999954452554745	1.16788175182482E-07
0.999952408759124	1.31386715328467E-07
0.999950656934307	1.45985255474453E-07
0.999948613138686	1.60582481751825E-07
0.999946861313869	1.7518102189781E-07
0.999945401459854	1.89779562043796E-07
0.999943941605839	2.04378102189781E-07
0.999942189781022	2.18976642335766E-07
0.99994102189781	2.33575182481752E-07
0.999939562043796	2.48173722627737E-07
0.999938394160584	2.62772262773723E-07
0.999935766423358	2.91969343065693E-07
0.999932846715329	3.28465693430657E-07
0.999930218978102	3.6496204379562E-07
0.999927591240876	4.01458394160584E-07
0.999925255474452	4.37954744525548E-07
0.999923211678832	4.74451094890511E-07
0.999920875912409	5.10947445255474E-07
0.999918832116788	5.47443795620438E-07
0.999917080291971	5.83940145985401E-07
0.999913284671533	6.56932846715328E-07
0.999909781021898	7.29925547445255E-07
0.999906569343066	8.02918248175183E-07
0.999903649635037	8.7591094890511E-07
0.999900729927007	9.48903649635036E-07
0.999897810218978	1.02189635036496E-06
0.999892554744526	1.16788175182482E-06
0.999887883211679	1.31386715328467E-06
0.999883211678832	1.45985255474453E-06
0.999879124087591	1.60583941605839E-06
0.99987503649635	1.75182481751825E-06
0.999871240875912	1.8978102189781E-06
0.999867445255475	2.04378102189781E-06
0.999863941605839	2.18976642335766E-06
0.999860729927007	2.33575182481752E-06
0.999857226277372	2.48173722627737E-06
0.999854306569343	2.62772262773723E-06
0.999848175182482	2.91969343065693E-06
0.999841167883212	3.28465693430657E-06
0.999834452554745	3.6496204379562E-06
0.999828321167883	4.01458394160584E-06
0.999822189781022	4.37954744525548E-06
0.999816642335767	4.74451094890511E-06
0.999811094890511	5.10947445255475E-06
0.999805839416058	5.47443795620438E-06
0.999800875912409	5.83940145985402E-06
0.999791240875913	6.56932846715329E-06
0.999782189781022	7.29925547445256E-06
0.999773430656934	8.02918248175183E-06
0.999765255474452	8.7591094890511E-06
0.999757372262774	9.48903649635037E-06
0.999749781021898	1.02189635036496E-05
0.999735474452555	1.16788175182482E-05
0.99972204379562	1.31386715328467E-05
0.999709197080292	1.45985255474453E-05
0.999697226277372	1.60583941605839E-05
0.999685547445255	1.75182481751825E-05
0.999674452554745	1.8978102189781E-05
0.999663649635036	2.04379562043796E-05
0.999653430656934	2.18978102189781E-05
0.999643211678832	2.33576642335766E-05
0.999633576642336	2.48175182481752E-05
0.999623941605839	2.62773722627737E-05
0.999605839416058	2.91970802919708E-05
0.999583941605839	3.28467153284671E-05
0.999563211678832	3.64963503649635E-05
0.999543357664234	4.01459854014599E-05
0.999524379562044	4.37956204379562E-05
0.99950598540146	4.74452554744526E-05
0.999488175182482	5.10948905109489E-05
0.999470948905109	5.47445255474453E-05
0.99945401459854	5.83941605839416E-05
0.999421605839416	6.56934306569343E-05
0.999390364963504	7.2992700729927E-05
0.999360583941606	8.02919708029197E-05
0.999331678832117	8.75912408759124E-05
0.999303649635036	9.48905109489051E-05
0.999276496350365	0.000102189781022
0.999224233576642	0.000116788321168
0.99917401459854	0.000131386861314
0.999125547445255	0.00014598540146
0.999078832116788	0.000160583941606
0.999033576642336	0.000175182481752
0.998989489051095	0.000189781021898
0.998946277372263	0.000204379562044
0.998903941605839	0.00021897810219
0.998862773722628	0.000233576642336
0.998821897810219	0.000248175182482
0.998782189781022	0.000262773722628
0.998703941605839	0.00029197080292
0.998609343065693	0.000328467153285
0.998517372262774	0.00036496350365
0.998427445255474	0.000401459854015
0.998339854014599	0.00043795620438
0.998253722627737	0.000474452554745
0.998169051094891	0.000510948905109
0.998085839416058	0.000547445255474
0.998003795620438	0.000583941605839
0.997842627737226	0.000656934306569
0.997684963503649	0.000729927007299
0.997530218978102	0.000802919708029
0.997377810218978	0.000875912408759
0.997227737226277	0.000948905109489
0.997079124087591	0.001021897810219
0.996786569343066	0.001167883211679
0.99649897810219	0.001313868613139
0.996215182481752	0.001459854014599
0.995934306569343	0.001605839416058
0.995656058394161	0.001751824817518
0.995379854014599	0.001897810218978
0.995105109489051	0.002043795620438
0.994831532846715	0.002189781021898
0.994559124087591	0.002335766423358
0.994287591240876	0.002481751824818
0.994016934306569	0.002627737226277
0.993476788321168	0.002919708029197
0.992803211678832	0.003284671532847
0.992129927007299	0.003649635036496
0.991456642335766	0.004014598540146
0.990782481751825	0.004379562043796
0.990107445255475	0.004744525547445
0.989430656934307	0.005109489051095
0.988751532846715	0.005474452554745
0.988068905109489	0.005839416058394
0.986692262773723	0.006569343065693
0.985298394160584	0.007299270072993
0.983886131386861	0.008029197080292
0.982454598540146	0.008759124087591
0.981003211678832	0.009489051094891
0.97953197080292	0.01021897810219
0.976530218978102	0.011678832116788
0.973453722627737	0.013138686131387
0.97021897810219	0.014598540145985
0.967007299270073	0.016058394160584
0.963795620437956	0.017518248175183
0.960583941605839	0.018978102189781
0.957080291970803	0.02043795620438
0.953576642335766	0.021897810218978
0.95036496350365	0.023357664233577
0.946861313868613	0.024817518248175
0.943357664233577	0.026277372262774
0.936058394160584	0.029197080291971
0.927007299270073	0.032846715328467
0.917956204379562	0.036496350364964
0.908905109489051	0.04014598540146
0.89956204379562	0.043795620437956
0.890510948905109	0.047445255474453
0.881459854014599	0.051094890510949
0.872116788321168	0.054744525547445
0.863357664233577	0.058394160583942
0.845255474452555	0.065693430656934
0.827737226277372	0.072992700729927
0.81051094890511	0.08029197080292
0.793576642335766	0.087591240875912
0.777226277372263	0.094890510948905
0.761167883211679	0.102189781021898
0.72992700729927	0.116788321167883
0.70043795620438	0.131386861313869
0.672408759124088	0.145985401459854
0.645839416058394	0.160583941605839
0.62043795620438	0.175182481751825
0.596496350364964	0.18978102189781
0.574014598540146	0.204379562043796
0.552408759124088	0.218978102189781
0.531970802919708	0.233576642335766
0.512408759124088	0.248175182481752
0.494014598540146	0.262773722627737
0.459270072992701	0.291970802919708
0.42014598540146	0.328467153284671
0.384525547445256	0.364963503649635
0.351824817518248	0.401459854014599
0.321751824817518	0.437956204379562
0.293430656934307	0.474452554744526
0.267153284671533	0.510948905109489
0.242335766423358	0.547445255474453
0.218686131386861	0.583941605839416
0.174306569343066	0.656934306569343
0.133430656934307	0.72992700729927
0.094890510948905	0.802919708029197
0.058394160583942	0.875912408759124
0.023649635036497	0.948905109489051
0	1
